Neighs (x-coords) of 0 =  [ 2 40 44  1  6  7  8 39 41 42] ( [17.65  17.813 17.993 18.632 20.415 20.104 20.703 18.668 18.404 18.704] )
Neighs (x-coords) of 1 =  [ 2 40 44  0  6  7  8 39 41 42] ( [17.65  17.813 17.993 18.271 20.415 20.104 20.703 18.668 18.404 18.704] )
Neighs (x-coords) of 2 =  [40 44  0  1  6  7  8 39 41 42] ( [17.813 17.993 18.271 18.632 20.415 20.104 20.703 18.668 18.404 18.704] )
Neighs (x-coords) of 3 =  [ 5 15 16 17 27 28 29 33 34 35] ( [14.17  16.179 15.811 17.002 14.267 14.805 14.352 15.161 16.124 15.183] )
Neighs (x-coords) of 4 =  [ 5 15 16 17 27 28 29 33 34 35] ( [14.17  16.179 15.811 17.002 14.267 14.805 14.352 15.161 16.124 15.183] )
Neighs (x-coords) of 5 =  [15 16 17 27 28 29 33 34 35  3] ( [16.179 15.811 17.002 14.267 14.805 14.352 15.161 16.124 15.183 13.997] )
Neighs (x-coords) of 6 =  [ 2 40 44  0  1  7  8 39 41 42] ( [17.65  17.813 17.993 18.271 18.632 20.104 20.703 18.668 18.404 18.704] )
Neighs (x-coords) of 7 =  [ 2 40 44  0  1  6  8 39 41 42] ( [17.65  17.813 17.993 18.271 18.632 20.415 20.703 18.668 18.404 18.704] )
Neighs (x-coords) of 8 =  [ 2 40 44  0  1  6  7 39 41 42] ( [17.65  17.813 17.993 18.271 18.632 20.415 20.104 18.668 18.404 18.704] )
Neighs (x-coords) of 9 =  [10 11 12 13 23 14 30] ( [20.653 21.015 22.209 22.019 23.619 22.325 23.331] )
Neighs (x-coords) of 10 =  [ 9 11 12 13 14 30] ( [20.928 21.015 22.209 22.019 22.325 23.331] )
Neighs (x-coords) of 11 =  [ 9 10 12 13 23 14] ( [20.928 20.653 22.209 22.019 23.619 22.325] )
Neighs (x-coords) of 12 =  [ 9 10 11 13 21 22 23 14 30 31] ( [20.928 20.653 21.015 22.019 24.51  24.52  23.619 22.325 23.331 23.335] )
Neighs (x-coords) of 13 =  [ 9 10 11 12 21 22 23 14 30 31] ( [20.928 20.653 21.015 22.209 24.51  24.52  23.619 22.325 23.331 23.335] )
Neighs (x-coords) of 14 =  [ 9 10 11 12 13 21 22 23 30 31] ( [20.928 20.653 21.015 22.209 22.019 24.51  24.52  23.619 23.331 23.335] )
Neighs (x-coords) of 15 =  [ 5 16 17 27 28 29 33 34 35  3] ( [14.17  15.811 17.002 14.267 14.805 14.352 15.161 16.124 15.183 13.997] )
Neighs (x-coords) of 16 =  [ 5 15 17 27 28 29 33 34 35  3] ( [14.17  16.179 17.002 14.267 14.805 14.352 15.161 16.124 15.183 13.997] )
Neighs (x-coords) of 17 =  [ 5 15 16 27 28 29 33 34 35  3] ( [14.17  16.179 15.811 14.267 14.805 14.352 15.161 16.124 15.183 13.997] )
Neighs (x-coords) of 18 =  [19 20 36 38 45 47 24 25 26 37] ( [23.525 25.014 26.327 25.858 24.061 24.483 23.957 23.635 24.334 25.583] )
Neighs (x-coords) of 19 =  [18 20 36 38 45 47 24 25 37] ( [24.213 25.014 26.327 25.858 24.061 24.483 23.957 23.635 25.583] )
Neighs (x-coords) of 20 =  [18 19 36 38 45 47 24 25 26 37] ( [24.213 23.525 26.327 25.858 24.061 24.483 23.957 23.635 24.334 25.583] )
Neighs (x-coords) of 21 =  [12 13 22 23 14 30 31] ( [22.209 22.019 24.52  23.619 22.325 23.331 23.335] )
Neighs (x-coords) of 22 =  [12 13 21 23 14 30 31] ( [22.209 22.019 24.51  23.619 22.325 23.331 23.335] )
Neighs (x-coords) of 23 =  [ 9 11 12 13 21 22 14 30 31] ( [20.928 21.015 22.209 22.019 24.51  24.52  22.325 23.331 23.335] )
Neighs (x-coords) of 24 =  [18 19 20 36 38 45 47 25 26 37] ( [24.213 23.525 25.014 26.327 25.858 24.061 24.483 23.635 24.334 25.583] )
Neighs (x-coords) of 25 =  [18 19 20 36 38 45 47 24 26 37] ( [24.213 23.525 25.014 26.327 25.858 24.061 24.483 23.957 24.334 25.583] )
Neighs (x-coords) of 26 =  [18 20 36 38 45 47 24 25 37] ( [24.213 25.014 26.327 25.858 24.061 24.483 23.957 23.635 25.583] )
Neighs (x-coords) of 27 =  [ 5 15 16 17 28 29 33 34 35  3] ( [14.17  16.179 15.811 17.002 14.805 14.352 15.161 16.124 15.183 13.997] )
Neighs (x-coords) of 28 =  [ 5 15 16 17 27 29 33 34 35  3] ( [14.17  16.179 15.811 17.002 14.267 14.352 15.161 16.124 15.183 13.997] )
Neighs (x-coords) of 29 =  [ 5 15 16 17 27 28 33 34 35  3] ( [14.17  16.179 15.811 17.002 14.267 14.805 15.161 16.124 15.183 13.997] )
Neighs (x-coords) of 30 =  [ 9 10 12 13 21 22 23 14 31] ( [20.928 20.653 22.209 22.019 24.51  24.52  23.619 22.325 23.335] )
Neighs (x-coords) of 31 =  [ 9 10 11 12 13 21 22 23 14 30] ( [20.928 20.653 21.015 22.209 22.019 24.51  24.52  23.619 22.325 23.331] )
Neighs (x-coords) of 32 =  [12 13 21 22 23 14 30] ( [22.209 22.019 24.51  24.52  23.619 22.325 23.331] )
Neighs (x-coords) of 33 =  [ 5 15 16 17 27 28 29 34 35  3] ( [14.17  16.179 15.811 17.002 14.267 14.805 14.352 16.124 15.183 13.997] )
Neighs (x-coords) of 34 =  [ 5 15 16 17 27 28 29 33 35  3] ( [14.17  16.179 15.811 17.002 14.267 14.805 14.352 15.161 15.183 13.997] )
Neighs (x-coords) of 35 =  [ 5 15 16 17 27 28 29 33 34  3] ( [14.17  16.179 15.811 17.002 14.267 14.805 14.352 15.161 16.124 13.997] )
Neighs (x-coords) of 36 =  [18 19 20 38 45 47 24 25 26 37] ( [24.213 23.525 25.014 25.858 24.061 24.483 23.957 23.635 24.334 25.583] )
Neighs (x-coords) of 37 =  [18 19 20 36 38 45 47 24 25 26] ( [24.213 23.525 25.014 26.327 25.858 24.061 24.483 23.957 23.635 24.334] )
Neighs (x-coords) of 38 =  [18 19 20 36 45 47 24 25 26 37] ( [24.213 23.525 25.014 26.327 24.061 24.483 23.957 23.635 24.334 25.583] )
Neighs (x-coords) of 39 =  [ 2 40 44  0  1  6  7  8 41 42] ( [17.65  17.813 17.993 18.271 18.632 20.415 20.104 20.703 18.404 18.704] )
Neighs (x-coords) of 40 =  [ 2 44  0  1  6  7  8 39 41 42] ( [17.65  17.993 18.271 18.632 20.415 20.104 20.703 18.668 18.404 18.704] )
Neighs (x-coords) of 41 =  [ 2 40 44  0  1  6  7  8 39 42] ( [17.65  17.813 17.993 18.271 18.632 20.415 20.104 20.703 18.668 18.704] )
Neighs (x-coords) of 42 =  [ 2 40 44  0  1  6  7  8 39 41] ( [17.65  17.813 17.993 18.271 18.632 20.415 20.104 20.703 18.668 18.404] )
Neighs (x-coords) of 43 =  [ 2 40 44  0  1  6  7  8 39 41] ( [17.65  17.813 17.993 18.271 18.632 20.415 20.104 20.703 18.668 18.404] )
Neighs (x-coords) of 44 =  [ 2 40  0  1  6  7  8 39 41 42] ( [17.65  17.813 18.271 18.632 20.415 20.104 20.703 18.668 18.404 18.704] )
Neighs (x-coords) of 45 =  [18 19 20 36 38 47 24 25 26 37] ( [24.213 23.525 25.014 26.327 25.858 24.483 23.957 23.635 24.334 25.583] )
Neighs (x-coords) of 46 =  [18 19 20 36 38 45 47 24 25 26] ( [24.213 23.525 25.014 26.327 25.858 24.061 24.483 23.957 23.635 24.334] )
Neighs (x-coords) of 47 =  [18 19 20 36 38 45 24 25 26 37] ( [24.213 23.525 25.014 26.327 25.858 24.061 23.957 23.635 24.334 25.583] )
